 0.00  0.00  0.00  0.00  0.00  0.00  0.00  0.00  0.00  0.00  0.00  0.00 
 0.00  0.00  0.00  0.00  0.00 

 0.00  0.00  0.25  0.00  0.25  0.25  0.00  0.25  0.00  0.25  0.00  0.00 
 0.25  0.00  0.25  0.00 

 0.25  0.00  0.00  0.25  0.00  0.25  0.00  0.25  0.25  0.00  0.00  0.00 
 0.00  0.00  0.00  0.00 

 0.00  0.00  0.00  0.00  0.00  0.00  0.00  0.00  0.00  0.00  0.00  0.00 
 0.00  0.00  0.00  0.00 

 0.00  0.00  0.00  0.38  0.38  0.38  0.38  0.38  0.38  0.38  0.38  0.38 
 0.38  0.38  0.38  0.38 

 0.38  0.38  0.38  0.38  0.38  0.38  0.38  0.38  0.38  0.38  0.38  0.88 
 0.88  0.88  0.88  0.88 

 0.88  0.88  0.88  0.88  0.88  0.88  0.88  0.88  0.88  0.88  0.88  0.88 
 0.88  0.88  0.88  0.88 

 0.88  0.88  0.75  0.50  0.75  0.50  0.75  0.75  0.50  0.75  0.50  0.75 
 0.50  0.50  0.75  0.50 

 0.75  0.50  0.75  0.50  0.50  0.75  0.50  0.75  0.50  0.75  0.88  0.88 
 0.88  0.88  0.88  0.88 

 0.88  0.88  0.88  0.88  0.88  0.88  0.88  0.88  0.88  0.88  0.88  0.88 
 0.88  0.88  0.88  0.88 

 0.88  0.12  0.12  0.12  0.12  0.12  0.12  0.12  0.12  0.12  0.12  0.12 
 0.12  0.12  0.12  0.12 

 0.12  0.12  0.12  0.12  0.12  0.12  0.12  0.12  0.12  0.25  0.25  0.25 
 0.25  0.25  0.25  0.25 

 0.25  0.25  0.25  0.25  0.25  0.25  0.25  0.25  0.25  0.25  0.25  0.25 
 0.25  0.25  0.25  0.25 

 0.25  0.88  0.62  0.62  0.88  0.62  0.88  0.62  0.88  0.88  0.62  0.88 
 0.62  0.88  0.62  0.62 

 0.88  0.62  0.88  0.62  0.88  0.88  0.62  0.88  0.62  0.88  0.88  0.88 
 0.88  0.88  0.88  0.88 

 0.88  0.88  0.88  0.88  0.88  0.88  0.88  0.88  0.88  0.88  0.88  0.88 
 0.88  0.88  0.88  0.88 

 0.62  0.62  0.62  0.62  0.62  0.62  0.62  0.62  0.62  0.62  0.62  0.62 
 0.62  0.62  0.62  0.62 

 0.62  0.62  0.62  0.62  0.62  0.62  0.62  0.25  0.25  0.25  0.25  0.25 
 0.25  0.25  0.25  0.25 

 0.25  0.25  0.25  0.25  0.25  0.25  0.25  0.25  0.25  0.25  0.25  0.25 
 0.25  0.25  0.25  0.25 

 0.62  0.88  0.62  0.88  0.88  0.62  0.88  0.62  0.88  0.62  0.62  0.88 
 0.62  0.88  0.62  0.88 

 0.88  0.62  0.88  0.62  0.88  0.62  0.62  0.88  0.88  0.88  0.88  0.88 
 0.88  0.88  0.88  0.88 

 0.88  0.88  0.88  0.88  0.88  0.88  0.88  0.88  0.88  0.88  0.88  0.88 
 0.88  0.88  0.62  0.62 

 0.62  0.62  0.62  0.62  0.62  0.62  0.62  0.62  0.62  0.62  0.62  0.62 
 0.62  0.62  0.62  0.62 

 0.62  0.62  0.62  0.62  0.62  0.62  0.25  0.25  0.25  0.25  0.25  0.25 
 0.25  0.25  0.25  0.25 

 0.25  0.25  0.25  0.25  0.25  0.25  0.25  0.25  0.25  0.25  0.25  0.25 
 0.25  0.25  0.88  0.88 

 0.62  0.88  0.62  0.88  0.62  0.62  0.88  0.62  0.88  0.62  0.88  0.88 
 0.62  0.88  0.62  0.88 

 0.62  0.62  0.88  0.62  0.88  0.88  0.88  0.88  0.88  0.88  0.88  0.88 
 0.88  0.88  0.88  0.88 

 0.88  0.88  0.88  0.88  0.88  0.88  0.88  0.88  0.88  0.88  0.88  0.88 
 0.62  0.62  0.62  0.62 

 0.62  0.62  0.62  0.62  0.62  0.62  0.62  0.62  0.62  0.62  0.62  0.62 
 0.62  0.62  0.62  0.62 

 0.62  0.62  0.62  0.62  0.00  0.00  0.00  0.00  0.00  0.00  0.00  0.00 
 0.00  0.00  0.00  0.00 

 0.00  0.00  0.00  0.00  0.00  0.00  0.00  0.00  0.00  0.00  0.00  0.00 
 0.00  0.62  0.88  0.62 

 0.88  0.88  0.62  0.88  0.62  0.88  0.62  0.62  0.88  0.62  0.88  0.62 
 0.88  0.88  0.62  0.88 

 0.62  0.88  0.62  0.62  0.00  0.00  0.00  0.00  0.00  0.00  0.00  0.00 
 0.00  0.00  0.00  0.00 

 0.00  0.00  0.00  0.00  0.00  0.00  0.00  0.00  0.00  0.00  0.00  0.00 
 0.00  0.62  0.62  0.62 

 0.62  0.62  0.62  0.62  0.62  0.62  0.62  0.62  0.62  0.62  0.62  0.62 
 0.62  0.62  0.62  0.62 

 0.62  0.62  0.62  0.62  0.00  0.00  0.00  0.00  0.00  0.00  0.00  0.00 
 0.00  0.00  0.00  0.00 

 0.00  0.00  0.00  0.00  0.00  0.00  0.00  0.00  0.00  0.00  0.00  0.00 
 0.00  0.62  0.88  0.62 

 0.88  0.62  0.88  0.88  0.62  0.88  0.62  0.88  0.62  0.62  0.88  0.62 
 0.88  0.62  0.88  0.88 

 0.62  0.88  0.62  0.88  0.00  0.00  0.00  0.00  0.00  0.00  0.00  0.00 
 0.00  0.00  0.00  0.00 

 0.00  0.00  0.00  0.00  0.00  0.00  0.00  0.00  0.00  0.00  0.00  0.00 
 0.00  0.50  0.50  0.50 

 0.50  0.50  0.50  0.50  0.50  0.50  0.50  0.50  0.50  0.50  0.50  0.50 
 0.50  0.50  0.50  0.50 

 0.50  0.50  0.50  0.50  0.00  0.00  0.00  0.00  0.00  0.00  0.00  0.00 
 0.00  0.00  0.00  0.00 

 0.00  0.00  0.00  0.00  0.00  0.00  0.00  0.00  0.00  0.00  0.00  0.00 
 0.00  0.38  0.12  0.12 

 0.38  0.12  0.38  0.12  0.38  0.38  0.12  0.38  0.12  0.38  0.12  0.12 
 0.38  0.12  0.38  0.12 

 0.38  0.12  0.12  0.38  0.12  0.00  0.00  0.00  0.00  0.00  0.00  0.00 
 0.00  0.00  0.00  0.00 

 0.00  0.00  0.00  0.00  0.00  0.00  0.00  0.00  0.00  0.00  0.00  0.00 
 0.00  0.00  0.88  0.88 

 0.88  0.88  0.88  0.88  0.88  0.88  0.88  0.88  0.88  0.88  0.88  0.88 
 0.88  0.88  0.88  0.88 

 0.88  0.88  0.88  0.88  0.88  0.62  0.62  0.62  0.62  0.62  0.62  0.62 
 0.62  0.62  0.62  0.62 

 0.62  0.62  0.62  0.62  0.62  0.62  0.62  0.62  0.62  0.62  0.62  0.62 
 0.62  0.75  0.50  0.75 

 0.50  0.50  0.75  0.50  0.75  0.50  0.75  0.75  0.50  0.75  0.50  0.75 
 0.50  0.50  0.75  0.50 

 0.75  0.50  0.75  0.75  0.00  0.00  0.00  0.00  0.00  0.00  0.00  0.00 
 0.00  0.00  0.00  0.00 

 0.00  0.00  0.00  0.00  0.00  0.00  0.00  0.00  0.00  0.00  0.00  0.00 
 0.00  0.25  0.25  0.25 

 0.25  0.25  0.25  0.25  0.25  0.25  0.25  0.25  0.25  0.25  0.25  0.25 
 0.25  0.25  0.25  0.25 

 0.25  0.25  0.25  0.25  0.25  0.62  0.62  0.62  0.62  0.62  0.62  0.62 
 0.62  0.62  0.62  0.62 

 0.62  0.62  0.62  0.62  0.62  0.62  0.62  0.62  0.62  0.62  0.62  0.62 
 0.38  0.38  0.12  0.38 

 0.12  0.38  0.12  0.12  0.38  0.12  0.38  0.12  0.38  0.38  0.12  0.38 
 0.12  0.38  0.12  0.12 

 0.38  0.12  0.38  0.12  0.38  0.00  0.00  0.00  0.00  0.00  0.00  0.00 
 0.00  0.00  0.00  0.00 

 0.00  0.00  0.00  0.00  0.00  0.00  0.00  0.00  0.00  0.00  0.00  0.00 
 0.00  0.75  0.75  0.75 

 0.75  0.75  0.75  0.75  0.75  0.75  0.75  0.75  0.75  0.75  0.75  0.75 
 0.75  0.75  0.75  0.75 

 0.75  0.75  0.75  0.75  0.75  0.88  0.88  0.88  0.88  0.88  0.88  0.88 
 0.88  0.88  0.88  0.88 

 0.88  0.88  0.88  0.88  0.88  0.88  0.88  0.88  0.88  0.88  0.88  0.88 
 0.25  0.00  0.25  0.25 

 0.00  0.25  0.00  0.25  0.00  0.00  0.25  0.00  0.25  0.00  0.25  0.25 
 0.00  0.25  0.00  0.25 

