-0.28  0.65 -0.85 -0.79  0.83  0.01  0.76 -0.93  0.94  0.38 -0.63 -0.07 
 0.05 -0.26  0.98 -0.21  0.17 

 0.10 -0.40  0.66 -0.72 -0.54 -0.79  0.52 -0.61 -0.18 -0.18 -0.62  0.50 
-0.82 -0.57 -0.76  0.61 

-0.45  0.04  0.10 -0.28  0.91 -0.35 -0.04 -0.17 -0.73  0.27  0.82  0.95 
 0.63 -0.12  0.69 -0.94 

 0.99  0.49 -0.45  0.17  0.35  0.10 -0.59  0.28  0.72  0.71  0.27 -0.61 
 0.08  0.32  0.13 -0.50 

 0.44  0.93  0.99  0.62 -0.20  0.55  0.86  0.73  0.16 -0.84 -0.28 -0.16 
-0.48  0.77 -0.42 -0.05 

-0.12 -0.62  0.44 -0.94 -0.75  0.99  0.30 -0.83 -0.39 -0.40 -0.84  0.29 
 0.97 -0.78 -0.98  0.40 

-0.67 -0.17 -0.11 -0.49  0.69 -0.56 -0.25 -0.38 -0.95  0.05  0.61  0.73 
 0.42 -0.34  0.47  0.84 

 0.78  0.27 -0.67 -0.05  0.14 -0.11 -0.81  0.07  0.50  0.50  0.06 -0.82 
-0.14  0.11 -0.08 -0.71 

 0.22  0.72  0.78  0.40 -0.42  0.33  0.64  0.51 -0.05  0.94 -0.50 -0.38 
-0.69  0.55 -0.64 -0.26 

-0.33 -0.83  0.23  0.85 -0.97  0.78  0.09  0.96 -0.61 -0.61  0.95  0.07 
 0.75 -1.00  0.81  0.18 

-0.88 -0.39 -0.33 -0.71  0.48 -0.78 -0.47 -0.60  0.84 -0.16  0.39  0.52 
 0.20 -0.55  0.26  0.63 

 0.56  0.06 -0.88 -0.26 -0.08 -0.33  0.98 -0.15  0.29  0.28 -0.16  0.96 
-0.35 -0.11 -0.30 -0.93 

 0.01  0.51  0.56  0.19 -0.63  0.12  0.43  0.30 -0.27  0.73 -0.71 -0.59 
-0.91  0.34 -0.85 -0.48 

-0.55  0.95  0.01  0.63  0.82  0.56 -0.13  0.74 -0.82 -0.83  0.73 -0.14 
 0.54  0.79  0.60 -0.03 

 0.90 -0.60 -0.54 -0.92  0.26 -0.99 -0.68 -0.81  0.62 -0.38  0.18  0.30 
-0.01 -0.77  0.04  0.41 

 0.35 -0.16  0.90 -0.48 -0.29 -0.54  0.76 -0.36  0.07  0.07 -0.37  0.75 
-0.57 -0.32 -0.51  0.86 

-0.21  0.29  0.35 -0.03 -0.84 -0.10  0.21  0.08 -0.48  0.51 -0.93 -0.81 
 0.88  0.12  0.93 -0.69 

-0.76  0.74 -0.20  0.42  0.60  0.35 -0.34  0.53  0.96  0.96  0.52 -0.36 
 0.32  0.57  0.38 -0.25 

 0.69 -0.82 -0.76  0.86  0.05  0.79 -0.90  0.98  0.41 -0.59 -0.03  0.09 
-0.23 -0.98 -0.17  0.20 

 0.13 -0.37  0.69 -0.69 -0.51 -0.76  0.55 -0.58 -0.14 -0.15 -0.59  0.53 
-0.78 -0.54 -0.73  0.64 

-0.42  0.08  0.13 -0.24  0.94 -0.31 -0.00 -0.13 -0.70  0.30  0.86  0.98 
 0.66 -0.09  0.72 -0.91 

-0.97  0.52 -0.42  0.20  0.39  0.13 -0.56  0.31  0.75  0.74  0.30 -0.57 
 0.11  0.36  0.17 -0.46 

 0.47  0.97 -0.97  0.65 -0.17  0.58  0.89  0.76  0.19 -0.81 -0.25 -0.13 
-0.44  0.80 -0.39 -0.02 

-0.08 -0.59  0.47 -0.90 -0.72 -0.97  0.34 -0.79 -0.36 -0.36 -0.80  0.32 
-1.00 -0.75 -0.94  0.43 

-0.64 -0.14 -0.08 -0.46  0.73 -0.53 -0.22 -0.35 -0.91  0.08  0.64  0.76 
 0.45 -0.30  0.50  0.88 

 0.81  0.31 -0.63 -0.01  0.17 -0.08 -0.77  0.10  0.53  0.53  0.09 -0.79 
-0.11  0.14 -0.05 -0.68 

 0.26  0.75  0.81  0.43 -0.38  0.36  0.67  0.55 -0.02  0.98 -0.46 -0.34 
-0.66  0.59 -0.60 -0.23 

-0.30 -0.80  0.26  0.88 -0.94  0.81  0.12  0.99 -0.57 -0.58  0.98  0.10 
 0.79 -0.97  0.84  0.21 

-0.85 -0.35 -0.30 -0.67  0.51 -0.74 -0.43 -0.56  0.87 -0.13  0.43  0.55 
 0.23 -0.52  0.29  0.66 

 0.60  0.09 -0.85 -0.23 -0.04 -0.30 -0.99 -0.12  0.32  0.32 -0.13  1.00 
-0.32 -0.07 -0.26 -0.89 

 0.04  0.54  0.60  0.22 -0.60  0.15  0.46  0.33 -0.24  0.76 -0.68 -0.56 
-0.87  0.37 -0.82 -0.45 

-0.51  0.98  0.04  0.67  0.85  0.60 -0.09  0.78 -0.79 -0.79  0.77 -0.11 
 0.57  0.82  0.63  0.00 

 0.93 -0.57 -0.51 -0.89  0.30 -0.96 -0.65 -0.78  0.66 -0.35  0.21  0.33 
 0.02 -0.73  0.07  0.45 

 0.38 -0.12  0.94 -0.44 -0.26 -0.51  0.80 -0.33  0.10  0.10 -0.34  0.78 
-0.53 -0.29 -0.48  0.89 

-0.17  0.32  0.38  0.00 -0.81 -0.06  0.24  0.12 -0.45  0.55 -0.89 -0.77 
 0.91  0.16  0.97 -0.66 

-0.73  0.77 -0.17  0.45  0.63  0.38 -0.31  0.56  1.00  0.99  0.55 -0.33 
 0.36  0.60  0.41 -0.21 

 0.72 -0.78 -0.72  0.90  0.08  0.83 -0.86 -0.99  0.44 -0.56 -0.00  0.12 
-0.20 -0.95 -0.14  0.23 

 0.17 -0.34  0.72 -0.66 -0.47 -0.73  0.58 -0.55 -0.11 -0.11 -0.56  0.57 
-0.75 -0.50 -0.69  0.68 

-0.39  0.11  0.17 -0.21  0.97 -0.28  0.03 -0.10 -0.66  0.33  0.89 -0.99 
 0.70 -0.06  0.75 -0.88 

-0.94  0.55 -0.39  0.24  0.42  0.17 -0.52  0.35  0.78  0.78  0.34 -0.54 
 0.14  0.39  0.20 -0.43 

 0.50 -1.00 -0.94  0.68 -0.13  0.61  0.92  0.79  0.23 -0.78 -0.22 -0.09 
-0.41  0.84 -0.35  0.02 

-0.05 -0.55  0.51 -0.87 -0.69 -0.94  0.37 -0.76 -0.33 -0.33 -0.77  0.35 
-0.96 -0.72 -0.91  0.46 

-0.60 -0.11 -0.05 -0.43  0.76 -0.49 -0.19 -0.31 -0.88  0.12  0.68  0.80 
 0.48 -0.27  0.54  0.91 

 0.84  0.34 -0.60  0.02  0.21 -0.05 -0.74  0.13  0.57  0.56  0.12 -0.76 
-0.07  0.17 -0.02 -0.64 

 0.29  0.79  0.85  0.47 -0.35  0.40  0.71  0.58  0.01 -0.99 -0.43 -0.31 
-0.63  0.62 -0.57 -0.20 

-0.26 -0.77  0.29  0.91 -0.90  0.84  0.15 -0.97 -0.54 -0.54 -0.99  0.14 
 0.82 -0.93  0.88  0.25 

-0.82 -0.32 -0.26 -0.64  0.54 -0.71 -0.40 -0.53  0.91 -0.10  0.46  0.58 
 0.27 -0.49  0.32  0.69 

 0.63  0.13 -0.82 -0.19 -0.01 -0.26 -0.95 -0.08  0.35  0.35 -0.09 -0.97 
-0.29 -0.04 -0.23 -0.86 

 0.07  0.57  0.63  0.25 -0.56  0.18  0.49  0.36 -0.20  0.79 -0.65 -0.52 
-0.84  0.41 -0.78 -0.41 

-0.48 -0.98  0.08  0.70  0.88  0.63 -0.06  0.81 -0.76 -0.76  0.80 -0.08 
 0.61  0.85  0.66  0.03 

 0.97 -0.54 -0.48 -0.86  0.33 -0.92 -0.62 -0.74  0.69 -0.31  0.25  0.37 
 0.05 -0.70  0.11  0.48 

 0.41 -0.09  0.97 -0.41 -0.22 -0.48  0.83 -0.30  0.14  0.13 -0.31  0.81 
-0.50 -0.25 -0.45  0.93 

-0.14  0.36  0.42  0.04 -0.78 -0.03  0.28  0.15 -0.42  0.58 -0.86 -0.74 
 0.94  0.19 -1.00 -0.63 

-0.69  0.80 -0.14  0.48  0.67  0.41 -0.28  0.60 -0.97 -0.97  0.59 -0.29 
 0.39  0.64  0.45 -0.18 

 0.75 -0.75 -0.69  0.93  0.11  0.86 -0.83 -0.96  0.48 -0.53  0.03  0.15 
-0.16 -0.92 -0.11  0.26 

 0.20 -0.30  0.75 -0.62 -0.44 -0.69  0.62 -0.51 -0.08 -0.08 -0.52  0.60 
-0.72 -0.47 -0.66  0.71 

-0.35  0.14  0.20 -0.18 -0.99 -0.25  0.06 -0.07 -0.63  0.36  0.92 -0.95 
 0.73 -0.02  0.79 -0.84 

-0.91  0.59 -0.35  0.27  0.45  0.20 -0.49  0.38  0.81  0.81  0.37 -0.51 
 0.18  0.42  0.23 -0.40 

 0.54 -0.97 -0.91  0.72 -0.10  0.65  0.96  0.83  0.26 -0.74 -0.18 -0.06 
-0.38  0.87 -0.32  0.05 

-0.02 -0.52  0.54 -0.84 -0.65 -0.91  0.40 -0.73 -0.29 -0.30 -0.74  0.38 
-0.93 -0.68 -0.88  0.50 

-0.57 -0.07 -0.01 -0.39  0.79 -0.46 -0.15 -0.28 -0.85  0.15  0.71  0.83 
 0.52 -0.24  0.57  0.94 

 0.88  0.37 -0.57  0.05  0.24 -0.02 -0.71  0.17  0.60  0.60  0.16 -0.72 
-0.04  0.21  0.02 -0.61 

 0.32  0.82  0.88  0.50 -0.32  0.43  0.74  0.61  0.05 -0.96 -0.40 -0.28 
-0.59  0.65 -0.54 -0.16 

-0.23 -0.73  0.33  0.95 -0.87  0.88  0.19 -0.94 -0.51 -0.51 -0.95  0.17 
