-0.83  0.63  0.14 -0.28 -0.64 -0.93  0.84  0.66  0.56  0.51  0.53  0.61 
 0.75  0.95 -0.78 -0.45 -0.06 

 0.39  0.91 -0.51  0.13  0.84 -0.40  0.43 -0.68  0.28 -0.71  0.37 -0.49 
 0.72 -0.01 -0.69  0.71 

 0.16 -0.32 -0.74  0.90  0.60  0.37  0.20  0.09  0.04  0.06  0.14  0.28 
 0.49  0.75 -0.92 -0.53 

-0.07  0.44 -0.98 -0.34  0.37 -0.86 -0.04  0.86 -0.19  0.83 -0.09 -0.95 
 0.25 -0.48  0.85  0.24 

-0.31 -0.79  0.79  0.43  0.14 -0.10 -0.27 -0.38 -0.42 -0.41 -0.33 -0.19 
 0.02  0.29  0.61 -0.99 

-0.54 -0.02  0.56 -0.80 -0.10  0.67 -0.50  0.39 -0.66  0.36 -0.56  0.58 
-0.21 -0.95  0.38 -0.23 

-0.77  0.74  0.32 -0.04 -0.33 -0.56 -0.74 -0.84 -0.89 -0.87 -0.79 -0.65 
-0.45 -0.18  0.15  0.54 

 0.99 -0.49  0.09  0.73 -0.56  0.20 -0.97 -0.08  0.88 -0.11  0.97  0.11 
-0.68  0.59 -0.09 -0.69 

 0.76  0.28 -0.14 -0.50 -0.80  0.97  0.80  0.69  0.64  0.66  0.74  0.88 
-0.91 -0.65 -0.32  0.07 

 0.53 -0.96 -0.38  0.26  0.97 -0.26  0.56 -0.54  0.41 -0.57  0.51 -0.35 
 0.85  0.12 -0.55  0.84 

 0.29 -0.19 -0.61 -0.97  0.74  0.50  0.33  0.22  0.18  0.19  0.27  0.41 
 0.62  0.88 -0.79 -0.39 

 0.06  0.58 -0.84 -0.20  0.50 -0.73  0.10  0.99 -0.06  0.96  0.04 -0.82 
 0.38 -0.35  0.98  0.37 

-0.17 -0.66  0.92  0.56  0.27  0.03 -0.14 -0.24 -0.29 -0.27 -0.19 -0.05 
 0.15  0.42  0.75 -0.86 

-0.41  0.11  0.69 -0.67  0.03  0.80 -0.37  0.52 -0.52  0.49 -0.43  0.71 
-0.08 -0.82  0.51 -0.09 

-0.64  0.88  0.46  0.10 -0.20 -0.43 -0.60 -0.71 -0.76 -0.74 -0.66 -0.52 
-0.32 -0.05  0.28  0.67 

-0.87 -0.36  0.22  0.86 -0.43  0.33 -0.84  0.06 -0.99  0.03 -0.89  0.25 
-0.55  0.72  0.05 -0.56 

 0.89  0.41 -0.01 -0.37 -0.67 -0.90  0.93  0.82  0.78  0.79  0.87 -0.99 
-0.78 -0.52 -0.19  0.21 

 0.66 -0.82 -0.24  0.40 -0.90 -0.13  0.70 -0.41  0.54 -0.44  0.64 -0.22 
 0.98  0.25 -0.42  0.97 

 0.43 -0.06 -0.48 -0.84  0.87  0.63  0.46  0.36  0.31  0.33  0.41  0.55 
 0.75 -0.98 -0.65 -0.26 

 0.19  0.71 -0.71 -0.07  0.63 -0.60  0.23 -0.88  0.08 -0.91  0.17 -0.69 
 0.52 -0.22 -0.89  0.51 

-0.04 -0.52 -0.94  0.70  0.40  0.17 -0.00 -0.11 -0.16 -0.14 -0.06  0.08 
 0.28  0.55  0.88 -0.73 

-0.27  0.24  0.82 -0.54  0.17  0.93 -0.24  0.66 -0.39  0.63 -0.29  0.85 
 0.05 -0.68  0.65  0.04 

-0.51 -0.99  0.59  0.23 -0.07 -0.30 -0.47 -0.58 -0.62 -0.61 -0.53 -0.39 
-0.18  0.08  0.41  0.81 

-0.74 -0.22  0.35  1.00 -0.30  0.47 -0.70  0.19 -0.86  0.16 -0.76  0.38 
-0.42  0.85  0.18 -0.43 

-0.97  0.54  0.12 -0.24 -0.53 -0.77 -0.94  0.95  0.91  0.93 -1.00 -0.85 
-0.65 -0.38 -0.05  0.34 

 0.79 -0.69 -0.11  0.53 -0.77  0.00  0.83 -0.28  0.68 -0.31  0.77 -0.09 
-0.88  0.38 -0.29 -0.90 

 0.56  0.08 -0.35 -0.70 -1.00  0.77  0.60  0.49  0.44  0.46  0.54  0.68 
 0.88 -0.85 -0.52 -0.13 

 0.33  0.84 -0.58  0.06  0.77 -0.47  0.36 -0.75  0.21 -0.77  0.30 -0.55 
 0.65 -0.08 -0.75  0.64 

 0.09 -0.39 -0.81  0.83  0.53  0.30  0.13  0.02 -0.02 -0.01  0.07  0.21 
 0.42  0.68 -0.99 -0.60 

-0.14  0.38  0.95 -0.40  0.30 -0.93 -0.10  0.79 -0.26  0.76 -0.16  0.98 
 0.18 -0.55  0.78  0.17 

-0.37 -0.86  0.72  0.36  0.07 -0.17 -0.34 -0.45 -0.49 -0.47 -0.40 -0.25 
-0.05  0.22  0.55  0.94 

-0.61 -0.09  0.49 -0.87 -0.17  0.60 -0.57  0.32 -0.72  0.29 -0.63  0.51 
-0.28  0.98  0.31 -0.30 

-0.84  0.68  0.25 -0.10 -0.40 -0.63 -0.80 -0.91 -0.96 -0.94 -0.86 -0.72 
-0.52 -0.25  0.08  0.47 

 0.93 -0.56  0.02  0.66 -0.63  0.13  0.96 -0.15  0.81 -0.17  0.90  0.05 
-0.75  0.52 -0.15 -0.76 

 0.69  0.21 -0.21 -0.57 -0.87  0.90  0.73  0.62  0.58  0.59  0.67  0.81 
-0.98 -0.72 -0.39  0.00 

 0.46  0.98 -0.45  0.20  0.90 -0.33  0.50 -0.61  0.34 -0.64  0.44 -0.42 
 0.78  0.05 -0.62  0.77 

 0.22 -0.26 -0.68  0.96  0.67  0.43  0.26  0.15  0.11  0.12  0.20  0.35 
 0.55  0.82 -0.85 -0.46 

-0.01  0.51 -0.91 -0.27  0.43 -0.80  0.03  0.92 -0.13  0.89 -0.03 -0.89 
 0.32 -0.42  0.91  0.30 

-0.24 -0.73  0.85  0.50  0.20 -0.03 -0.20 -0.31 -0.36 -0.34 -0.26 -0.12 
 0.08  0.35  0.68 -0.93 

-0.48  0.04  0.62 -0.74 -0.03  0.73 -0.44  0.45 -0.59  0.42 -0.50  0.65 
-0.15 -0.88  0.45 -0.16 

-0.71  0.81  0.39  0.03 -0.27 -0.50 -0.67 -0.78 -0.83 -0.81 -0.73 -0.59 
-0.38 -0.12  0.21  0.60 

-0.94 -0.43  0.15  0.80 -0.50  0.27 -0.90 -0.01  0.94 -0.04 -0.96  0.18 
-0.62  0.65 -0.02 -0.63 

 0.82  0.34 -0.08 -0.44 -0.73 -0.97  0.86  0.75  0.71  0.72  0.80  0.95 
-0.85 -0.58 -0.25  0.14 

 0.59 -0.89 -0.31  0.33 -0.97 -0.20  0.63 -0.48  0.47 -0.51  0.57 -0.29 
 0.92  0.18 -0.49  0.90 

 0.36 -0.13 -0.55 -0.90  0.80  0.57  0.40  0.29  0.24  0.26  0.34  0.48 
 0.68  0.95 -0.72 -0.33 

 0.12  0.64 -0.78 -0.14  0.57 -0.67  0.16 -0.95  0.01 -0.98  0.10 -0.75 
 0.45 -0.28 -0.95  0.44 

-0.11 -0.59  0.99  0.63  0.33  0.10 -0.07 -0.18 -0.23 -0.21 -0.13  0.01 
 0.22  0.48  0.81 -0.80 

-0.34  0.17  0.75 -0.60  0.10  0.87 -0.30  0.59 -0.46  0.56 -0.36  0.78 
-0.02 -0.75  0.58 -0.03 

-0.58  0.94  0.52  0.16 -0.13 -0.37 -0.54 -0.65 -0.69 -0.68 -0.60 -0.45 
-0.25  0.02  0.34  0.74 

-0.81 -0.29  0.29  0.93 -0.37  0.40 -0.77  0.12 -0.93  0.09 -0.83  0.31 
-0.48  0.78  0.11 -0.50 

 0.96  0.47  0.05 -0.31 -0.60 -0.83  0.99  0.89  0.84  0.86  0.94 -0.92 
-0.72 -0.45 -0.12  0.27 

 0.72 -0.76 -0.18  0.46 -0.83 -0.07  0.76 -0.35  0.61 -0.38  0.70 -0.16 
-0.95  0.32 -0.36 -0.96 

 0.49  0.01 -0.41 -0.77  0.93  0.70  0.53  0.42  0.37  0.39  0.47  0.61 
 0.82 -0.92 -0.59 -0.20 

 0.26  0.77 -0.65 -0.01  0.70 -0.53  0.29 -0.81  0.14 -0.84  0.24 -0.62 
 0.58 -0.15 -0.82  0.57 

 0.02 -0.46 -0.88  0.76  0.47  0.23  0.06 -0.05 -0.09 -0.08  0.00  0.14 
 0.35  0.62  0.94 -0.66 

-0.21  0.31  0.89 -0.47  0.23  1.00 -0.17  0.72 -0.33  0.69 -0.23  0.91 
 0.12 -0.62  0.71  0.10 

-0.44 -0.93  0.65  0.29 -0.00 -0.23 -0.41 -0.51 -0.56 -0.54 -0.46 -0.32 
-0.12  0.15  0.48  0.87 

-0.68 -0.16  0.42 -0.94 -0.23  0.53 -0.64  0.25 -0.79  0.22 -0.70  0.44 
-0.35  0.92  0.24 -0.36 

-0.91  0.61  0.19 -0.17 -0.47 -0.70 -0.87 -0.98  0.97  0.99 -0.93 -0.79 
-0.58 -0.32  0.01  0.40 

 0.86 -0.63 -0.05  0.59 -0.70  0.07  0.89 -0.21  0.74 -0.24  0.84 -0.02 
-0.82  0.45 -0.22 -0.83 

 0.62  0.14 -0.28 -0.64 -0.93  0.83  0.66  0.55  0.51  0.52  0.60  0.74 
 0.95 -0.78 -0.46 -0.06 

 0.39  0.91 -0.51  0.13  0.83 -0.40  0.43 -0.68  0.27 -0.71  0.37 -0.49 
 0.71 -0.02 -0.69  0.70 

 0.16 -0.33 -0.75  0.89  0.60  0.36  0.19  0.09  0.04  0.06  0.14  0.28 
 0.48  0.75 -0.92 -0.53 

-0.08  0.44 -0.98 -0.34  0.36 -0.87 -0.04  0.85 -0.19  0.82 -0.10 -0.96 
