 0.50  0.43  0.39  0.32  0.44  0.34  0.47  0.50  0.38  0.30  0.85  0.42 
 0.29  0.52  0.79  0.23  0.35 

 0.13  0.24  0.54  0.15  0.52  0.50  0.62  0.40  0.60  0.13  0.82  0.53 
 0.43  0.61  0.64  0.09 

 0.16  0.74  0.40  0.01  0.55  0.47  0.29  0.36  0.36  0.76  0.04  0.51 
 0.68  0.41  0.67  0.05 

 0.75  0.32  0.82  0.20  0.40  0.60  0.12  0.25  0.43  0.25  0.74  0.59 
 0.54  0.62  0.35  0.38 

 0.41  0.59  0.60  0.77  0.09  0.85  0.23  0.42  0.52  0.03  0.80  0.29 
 0.61  0.39  0.60  0.59 

 0.42  0.23  0.43  0.36  0.61  0.16  0.62  0.50  0.68  0.43  0.87  0.55 
 0.25  0.76  0.70  0.39 

 0.29  0.89  0.72  0.45  0.55  0.23  0.66  0.41  0.31  0.31  0.31  0.34 
 0.66  0.60  0.56  0.45 

 0.38  0.35  0.28  0.62  0.34  0.46  0.66  0.51  0.59  0.26  0.42  0.38 
 0.50  0.34  0.27  0.58 

 0.10  0.96  0.14  0.62  0.04  0.60  0.44  0.13  0.81  0.08  0.74  0.46 
 0.63  0.73  0.21  0.21 

 0.15  0.55  0.30  0.79  0.09  0.96  0.37  0.58  0.36  0.75  0.37  0.61 
 0.38  0.65  0.42  0.45 

 0.50  0.28  0.53  0.34  0.40  0.10  0.16  0.96  0.53  0.27  0.83  0.42 
 0.54  0.26  0.89  0.04 

 0.86  0.51  0.31  0.40  0.67  0.67  0.69  0.62  0.13  0.43  0.78  0.40 
 0.65  0.81  0.81  0.86 

 0.21  0.28  0.38  0.41  0.62  0.45  0.31  0.48  0.43  0.67  0.45  0.43 
 0.53  0.33  0.30  0.49 

 0.08  0.86  0.33  0.25  0.62  0.09  0.39  0.45  0.56  0.40  0.30  0.73 
 0.22  0.51  0.51  0.28 

 0.99  0.19  0.64  0.51  0.03  0.87  0.47  0.66  0.47  0.22  0.15  0.43 
 0.80  0.31  0.31  0.81 

 0.09  0.57  0.55  0.40  0.61  0.59  0.51  0.43  0.53  0.55  0.34  0.20 
 0.19  0.50  0.10  0.76 

 0.34  0.21  0.25  0.61  0.51  0.19  0.38  0.40  0.23  0.54  0.50  0.58 
 0.63  0.17  0.33  0.24 

 0.70  0.47  0.33  0.64  0.61  0.51  0.70  0.15  0.47  0.24  0.50  0.36 
 0.38  0.44  0.11  0.68 

 0.22  0.17  0.63  0.09  0.77  0.10  0.69  0.65  0.34  0.51  0.15  0.35 
 0.45  0.48  0.30  0.57 

 0.18  0.58  0.32  0.53  0.28  0.82  0.16  0.58  0.07  0.78  0.51  0.40 
 0.42  0.61  0.60  0.58 

 0.34  0.11  0.52  0.12  0.82  0.47  0.17  0.43  0.38  0.40  0.81  0.77 
 0.38  0.49  0.77  0.52 

 0.44  0.10  0.44  0.64  0.40  0.72  0.26  0.43  0.47  0.77  0.68  0.86 
 0.31  0.48  0.23  0.40 

 0.89  0.19  0.59  0.40  0.60  0.44  0.42  0.68  0.25  0.34  0.78  0.36 
 0.83  0.35  0.36  0.13 

 0.58  0.57  0.33  0.66  0.44  0.63  0.54  0.30  0.29  0.94  0.43  0.15 
 0.43  0.52  0.39  0.55 

 0.78  0.65  0.48  0.54  0.25  0.48  0.57  0.50  0.45  0.61  0.70  0.29 
 0.61  0.56  0.19  0.70 

 0.38  0.67  0.14  0.30  0.33  0.29  0.56  0.25  0.76  0.61  0.45  0.39 
 0.38  0.80  0.55  0.55 

 0.54  0.38  0.68  0.43  0.66  0.22  0.29  0.47  0.22  0.29  0.78  0.56 
 0.49  0.48  0.53  0.49 

 0.40  0.60  0.70  0.38  0.75  0.16  0.20  0.43  0.49  0.28  0.46  0.45 
 0.52  0.49  0.60  0.74 

 0.67  0.43  0.34  0.67  0.57  0.45  0.30  0.68  0.41  0.80  0.58  0.18 
 0.42  0.49  0.44  0.64 

 0.30  0.45  0.25  0.62  0.45  0.30  0.30  0.53  0.23  0.65  0.40  0.24 
 0.40  0.56  0.55  0.69 

 0.31  0.32  0.30  0.32  0.59  0.64  0.55  0.26  0.61  0.15  0.28  0.28 
 0.54  0.52  0.79  0.70 

 0.84  0.25  0.37  0.47  0.22  0.48  0.16  0.76  0.59  0.54  0.34  0.64 
 0.53  0.24  0.25  0.22 

 0.63  0.76  0.39  0.50  0.64  0.67  0.31  0.40  0.76  0.52  0.90  0.58 
 0.30  0.20  0.70  0.23 

 0.36  0.10  0.43  0.25  0.49  0.06  0.77  0.48  0.09  0.50  0.30  0.31 
 0.70  0.06  0.38  0.39 

 0.31  0.12  0.46  0.67  0.61  0.33  0.13  0.61  0.58  0.11  0.43  0.34 
 0.66  0.43  0.25  0.09 

 0.47  0.29  0.31  0.28  0.64  0.65  0.15  0.40  0.72  0.41  0.52  0.49 
 0.57  0.45  0.25  0.49 

 0.52  0.37  0.51  0.38  0.34  0.60  0.27  0.70  0.51  0.50  0.48  0.47 
 0.48  0.12  0.76  0.70 

 0.36  0.57  0.52  0.84  0.43  0.47  0.05  0.78  0.36  0.42  0.42  0.27 
 0.15  0.61  0.28  0.28 

 0.20  0.68  0.40  0.32  0.88  0.56  0.43  0.27  0.91  0.35  0.23  0.80 
 0.46  0.20  0.47  0.13 

 0.44  0.15  0.46  0.50  0.25  0.39  0.45  0.36  0.65  0.15  0.59  0.74 
 0.34  0.34  0.47  0.37 

 0.63  0.50  0.42  0.33  0.66  0.68  0.31  0.55  0.71  0.21  0.53  0.51 
 0.41  0.89  0.28  0.49 

 0.15  0.43  0.27  0.26  0.25  0.45  0.47  0.55  0.25  0.42  0.02  0.57 
 0.73  0.33  0.59  0.56 

 0.50  0.45  0.34  0.53  0.21  0.52  0.49  0.10  0.48  0.30  0.46  0.68 
 0.03  0.77  0.29  0.78 

 0.40  0.58  0.38  0.71  0.54  0.70  0.39  0.58  0.24  0.47  0.28  0.51 
 0.30  0.38  0.75  0.35 

 0.43  0.26  0.48  0.32  0.21  0.49  0.79  0.58  0.29  0.10  0.45  0.95 
 0.18  0.62  0.04  0.85 

 0.47  0.57  0.15  0.43  0.57  0.32  0.59  0.46  0.30  0.76  0.90  0.36 
 0.60  0.49  0.09  0.04 

 0.64  0.42  0.38  0.21  0.45  0.30  0.54  0.66  0.24  0.55  0.65  0.26 
 0.94  0.39  0.60  0.29 

 0.28  0.41  0.49  0.74  0.59  0.40  0.59  0.48  0.47  0.42  0.49  0.38 
 0.47  0.87  0.53  0.42 

 0.59  0.37  0.28  0.31  0.52  0.73  0.08  0.71  0.09  0.43  0.48  0.42 
 0.49  0.68  0.30  0.32 

 0.16  0.62  0.47  0.80  0.62  0.18  0.51  0.81  0.70  0.70  0.74  0.47 
 0.50  0.70  0.20  0.81 

 0.43  0.45  0.30  0.57  0.62  0.44  0.50  0.31  0.82  0.48  0.57  0.55 
 0.68  0.25  0.31  0.93 

 0.23  0.25  0.32  0.91  0.59  0.22  0.58  0.67  0.45  0.45  0.11  0.84 
 0.54  0.45  0.60  0.46 

 0.60  0.43  0.68  0.33  0.52  0.57  0.15  0.63  0.64  0.47  0.45  0.26 
 0.53  0.45  0.22  0.40 

 0.51  0.51  0.74  0.74  0.32  0.09  0.10  0.59  0.17  0.51  0.60  0.81 
 0.74  0.58  0.79  0.25 

 0.51  0.35  0.32  0.26  0.47  0.36  0.20  0.38  0.45  0.41  0.58  0.15 
 0.43  0.50  0.03  0.61 

 0.59  0.61  0.25  0.51  0.87  0.31  0.43  0.34  0.43  0.73  0.15  0.57 
 0.63  0.43  0.35  0.72 

 0.43  0.74  0.45  0.60  0.29  0.17  0.51  0.09  0.31  0.68  0.27  0.41 
 0.39  0.34  0.31  0.74 

 0.34  0.78  0.37  0.72  0.25  0.67  0.52  0.25  0.65  0.32  0.22  0.34 
 0.83  0.74  0.52  0.38 

 0.38  0.77  0.19  0.61  0.51  0.57  0.42  0.11  0.47  0.52  0.50  0.41 
 0.36  0.61  0.02  0.67 

 0.49  0.42  0.52  0.26  0.70  0.43  0.61  0.02  0.55  0.64  0.55  0.43 
 0.58  0.79  0.68  0.66 

 0.65  0.58  0.50  0.12  0.96  0.40  0.41  0.49  0.22  0.36  0.43  0.35 
 0.69  0.49  0.71  0.38 

 0.56  0.04  0.47  0.62  0.35  0.36  0.50  0.64  0.34  0.53  0.80  0.53 
 0.57  0.55  0.49  0.67 

 0.47  0.30  0.52  0.45  0.50  0.39  0.66  0.57  0.51  0.15  0.39  0.51 
 0.37  0.59  0.55  0.34 

 0.53  0.47  0.33  0.15  0.41  0.30  0.36  0.56  0.39  0.35  0.42  0.35 
